224248653146
224245471406
224241564175
224228001579
224225324156
224224343941
224213185786
224208802224
224191560211
224176195716
224159132891
224142606288
224141341159
224128928285
224126418000
224125171268
224124327141
224122151337
224119560748
224117202768
224115527839
224112654418
224108067265
224104902274
224102770775
224100591941
224097828174
224095606956
224093402115
224090876785
224089597336
224087710463
224086716616
224084259350
224079713426
224076605849
224074266823
224073122850
224070729038
224045266456
224039714909
224038810859
224038264103
224035080855
224030882918
224023403813
224016381651
224012545762
224006563616
224006353634
224002460633
223998915501
223997427011
223981269018
223979311584
223977019362
223972166355
223971168655
223970269167
223965682061
223955448156
223954730293
223950308751
223947548993
223943102003
223941705251
223940659035
223930912084
223915294636
223908447085
223902098520
223896202447
223891255122
223874721726
223856203565
223854128597
223831834232
223823197596
223817151119
223814707985
223813876784
223806733561
223804996631
223794667143
223790995946
223789517503
223787959005
223785980255
223784971963
223783733326
223773592213
223767325635
223763364232
223758139716
223754079703
223752734842
223739901777
223739205543
223735934624
223723325296
223713474029
223710822173
223709854260
223708409140
223702025904
223698355471
223695369012
223693229067
223687627727
223683129217
223678726905
223674667141
223673524246
223671279650
223654658068
223653239430
223651055899
223635556189
223634282481
223617078798
223612554656
223600502162
223598765565
223592263925
223585713383
223584290839
223581545222
223579272042
223576765419
223575803300
223573742604
223570912589
223569699267
223568241344
223565639978
223560182196
223560056383
223557853528
223555408665
223554770735
223544414864
223544219230
223543110755
223535821251
223528255201
223528099757
223525914794
223512056936
223506799638
223496062290
223485685243
223484273300
223484063523
223483040218
223482294208
223481184508
223478198581
223477930477
223473658478
223465021788
223458986203
223447538702
223447225675
223443440210
223429798705
223415173950
223405497420
223400492912
223397746283
223393687795
223384421219
223378913065
223369876140
223368026131
223364498946
223359639712
223355330551
223350417128
223341956473
223336288262
223334843451
223330536616
223322240457
223322010673
223321170430
223319747880
223317516067
223314109479
223309017007
223308025613
223306908347
223305501974
223300723977
223298035789
223297498586
223296079249
223292138789
223290332356
223288561580
223286429197
223285437312
223284238673
223283357820
223282324693
223279705897
223278930489
223278736307
223277710607
223277349377
223276501604
223275957253
223275123874
223274768131
223273366678
223272394076
223271520118
223270510797
223269419840
223268154352
223266392034
223263481307
223261662776
223261051079
223259032924
223255258357
223253282993
223251245007
223249444906
223242477317
223238666142
223237039143
223236993754
223236607978
223235303144
223234765564
223232849180
223224900583
223220717725
223219387085
223216383809
223215362804
223214062540
223069257059
223040543072
223038137794
223037224845
223032557691
223030140266
223025471397
223021596388
223020258361
223016400919
223013208265
223011357315
223009555753
223008176144
223003139150
222995099327
222988818188
222982317290
222975002442
222974560901
222974514282
222972121391
222970918860
222429256925
222427474665
222418925862
222412539578
222408884960
222397253799
222393101024
222391599644
222381597962
222375444204
222362759544
222356644628
222344581658
222342043145
222339626674
222332396822
222323161459
222320653872
222313407491
222310148052
222306874022
222301084441
222298013272
222294569896
222292175972
222291715196
222289538234
222284946597
222284135280
222276953817
222274868587
222273184856
222268367150
222266209769
222266184356
222264529723
222256634949
222250971295
222247100839
222230420149
222220638000
222216384826
222208084054
222199960906
222197606261
222192538823
222187631327
222186908005
222185738266
222178537747
220234966664
220065190637
220031389691
120212976634
120209899735
120209449511
120208997279
120207507461
120207131661
120205782995
120205312566
120204855777
120204679780
120198179514
120194534690
120191708871
120189425527
120188704565
120188239713
120187836988
120186041456
120182246877
120181244104
120128463473
120122013347
120121135420
120120795913
120120283047
120119827330
120118326460
120116663163
120114763761
120113397458
120113073776
120110738865
120109281790
120108998210
120107334240
120107235149
120107167821
120106446539
120106048833
120105083597
120102475135
120094622727
120075523224
120073392489
120073312062
120072094767
120072094759
120072094753
120072094736
120069399665
120068792928
120067839612
120065387664
120064435778
120063715148
120063646067
120063580161
120063400392
120063391386
120063391299
120063391138
120063390744
120063390716
120063390677
120063390648
120063390602
120063390512
120063390474
120063390444
120063390415
120063390384
120063390359
120063390337
120063390304
120063390276
120063390218
120063390186
120063390162
120063390128
120063390100
120063390077
120063390054
120063390026
120063389992
120063389948
120063389932
120063389897
120063389861
120063389734
120063389711
120063388896
120063388863
120063388821
120063335857
120063271137
120063210747
120063151834
120062987587
120062921341
120062855933
120062792363
120062727165
120062551207
120062487567
120062424803
120062199458
120062130447
120062063066
120061999649
120061937359
120061767521
120061732723
120061703519
120061642119
120061580673
120061520011
120061358937
120061301111
120061241949
120061187149
120061130250
120060975133
120060809682
120060755002
120060607650
120060514053
120060462451
120060412787
120060261779
120060206484
120060153494
120060101840
120060035930
120059881306
120059827962
120059777121
120059724633
120059674570
120059530378
120059482756
120059434173
120059384792
120059348192
120059335697
120059305241
120059193466
120059145130
120059096125
120059045775
120058995805
120058853735
120058806251
120058760615
120058713458
120058663478
120058523022
120058478846
120058421577
120058371743
120058322400
120058178973
120058130530
120058078810
120058029164
120057977819
120057919875
120057830889
120057781521
120057730908
120057690864
120057649109
120057523317
120057480702
120057437495
120057394308
120057355440
120057229583
120057187144
120057152230
120057119966
120057087543
120056983912
120056949672
120056915565
120056879910
120056846900
120056775267
120056709792
120056677681
120056645280
120056611551
120056518153
120056487252
120056454569
120056424924
120056393021
120056301828
120056270938
120056241394
120056208702
120056102369
120056070729
120056041352
120056011684
120055980706
120055886276
120055851360
120055820132
120055784504
120055746936
120055740868
120055430542
120055398876
120055338693
120055296986
120055228201
120055130661
120055094703
120055059184
120055022472
120054984464
120054852443
120054818065
120054784044
120054752603
120054667409
120054633108
120054600618
120054567421
120054535215
120054515653
120054451907
120054421210
120054388887
120054357071
120054321806
120054229200
120054194943
120054159718
120054126349
120054092448
120053998408
120053968413
120053936524
120053904974
120053874168
120053785246
120053755953
120053727015
120053715997
120053696362
120053667662
120053631250
120053581793
120053552828
120053522034
120053518185
120053513706
120053492667
120053462175
120053372959
120053343715
120053310765
120053279760
120053246431
120053177322
120053152783
120053121108
120053080642
120053049631
120053019596
120052924761
120052896110
120052866051
120052832201
120052814721
120052799007
120052663847
120052633064
120052604054
120052569404
120052107944
120051939376
120051896182
120051863764
120051831869
120051794283
120051761735
120051727409
120051422325
120051079029
120050457016
120049844752
120049217299
120049123094
120048970519
120048917142
120048889169
120048145614
120048054947
120047695343
120047669211
120047523433
120047514621
120047514604
120047376958
120047376854
120047358978
120047305160
120047263159
120047223357
120047149564
120047135555
120047097067
120046981865
120046707861
120046662848
120046579056
120046444220
120046430707
120046349686
120046104731
120045926570
120045806276
120045661858
120045623638
120045587538
120045548682
120045510780
120045396282
120045360865
120045324186
120045042285
120043473379
120043246942
120043125263
120040602119
120034351062
